
Experiment: tai20_5_1.txt 0 0 0 0 0
Max: 1339
Min: 1278
Avg: 1297.74
Var: 7.83405
Time: 43.75

Experiment: tai20_5_1.txt 1 0 0 0 0
Max: 1339
Min: 1278
Avg: 1299.58
Var: 8.72144
Time: 65.624

Experiment: tai20_5_1.txt 1 0 0 0 0
Max: 1339
Min: 1279
Avg: 1299.81
Var: 10.524
Time: 65.626

Experiment: tai20_5_1.txt 1 1 0 0 0
Max: 1339
Min: 1278
Avg: 1298.54
Var: 8.74233
Time: 65.625
